0 1.158110
1 0.728664
2 0.572224
3 0.453802
4 0.349263
5 0.264378
6 0.198907
7 0.149338
8 0.112043
9 0.084042
10 0.063034
11 0.047276
12 0.035457
13 0.026593
14 0.019945
15 0.014959
16 0.011219
17 0.008414
18 0.006311
19 0.004733
20 0.003550
21 0.002662
22 0.001997
23 0.001498
24 0.001123
25 0.000842
26 0.000632
27 0.000474
28 0.000355
29 0.000267
30 0.000200
31 0.000150
32 0.000112
33 0.000084
34 0.000063
35 0.000047
36 0.000036
37 0.000027
38 0.000020
39 0.000015
40 0.000011
41 0.000008
42 0.000006
43 0.000005
44 0.000004
45 0.000003
46 0.000002
47 0.000002
48 0.000001
49 0.000001
50 0.000001
51 0.000000
52 0.000000
53 0.000000
54 0.000000
55 0.000000
56 0.000000
57 0.000000
58 0.000000
59 0.000000
60 0.000000
61 0.000000
62 0.000000
63 0.000000
64 0.000000
65 0.000000
66 0.000000
67 0.000000
68 0.000000
69 0.000000
70 0.000000
71 0.000000
72 0.000000
73 0.000000
74 0.000000
75 0.000000
76 0.000000
77 0.000000
78 0.000000
79 0.000000
80 0.000000
81 0.000000
82 0.000000
83 0.000000
84 0.000000
85 0.000000
86 0.000000
87 0.000000
88 0.000000
89 0.000000
90 0.000000
91 0.000000
92 0.000000
93 0.000000
94 0.000000
95 0.000000
96 0.000000
97 0.000000
98 0.000000
99 0.000000
